Mary Loomis,+55 (85) 902265573,1969,3,10
Susan Smith,+55 (66) 927757359,1918,8,7
Steven Hollingsworth,+55 (34) 961936739,1944,7,12
Richard Walker,+55 (54) 921480226,1902,4,7
Julie Johnson,+55 (87) 936541504,1938,8,15
Harriet Ragasa,+55 (36) 954404712,1946,4,13
Samuel Knight,+55 (32) 904944589,1932,10,25
Denise Collins,+55 (77) 919513978,1902,2,6
Allen Mendoza,+55 (89) 928181824,1935,4,9
Teresa Lawson,+55 (89) 995459943,1978,12,17
Andrew Vitt,+55 (33) 929138308,1927,8,17
William Garcia,+55 (35) 906413299,1966,3,7
Elizabeth Hui,+55 (99) 955245871,1949,7,8
Brandi Cookson,+55 (89) 979092967,1938,5,13
Emily Nabors,+55 (73) 955565187,1972,10,30
Janet Miller,+55 (29) 986138359,1952,10,3
Claudia Martinelli,+55 (84) 996775968,1948,6,11
James Clay,+55 (88) 985080002,1910,2,19
Linda Paramo,+55 (64) 903689078,1964,4,19
Eileen Judy,+55 (51) 963270703,1932,6,13
Samantha Moser,+55 (43) 911941818,1980,3,18
Alice Lagnese,+55 (99) 947572650,1925,12,29
Stephen Stein,+55 (34) 992824638,1927,6,20
George Johnson,+55 (27) 939061788,1912,10,7
Laurena Molina,+55 (51) 928652739,1951,3,6
Helen Pedro,+55 (99) 959304044,1948,7,15
Kasandra Monette,+55 (43) 979494929,1909,4,6
Ronald Barnett,+55 (39) 960541967,1901,9,20
Donald Evans,+55 (34) 942562805,1915,5,22
Vernon Dortch,+55 (55) 988969602,1956,12,18
Gussie Robertson,+55 (86) 907301127,1929,8,27
Angie Anderson,+55 (97) 910961532,1940,12,3
Patrick Pitts,+55 (99) 914259286,1998,5,6
Micheal Clark,+55 (36) 976538473,1954,11,29
Eugene Woods,+55 (35) 922566314,1952,4,30
Dennis Guerette,+55 (59) 946045432,1911,11,16
Vincent Spence,+55 (33) 989811265,1990,11,16
Harold Snyder,+55 (44) 924099735,1929,3,5
Brian Deloach,+55 (27) 931591542,1936,12,2
Leif Mack,+55 (92) 976477510,1992,7,14
Leroy Somilleda,+55 (25) 944894523,1993,6,27
Laura Harr,+55 (54) 922037707,1962,11,19
Ronald Allen,+55 (33) 912286394,1977,1,21
Adam Warrick,+55 (33) 936282353,1977,5,8
Howard Bellamy,+55 (61) 951804596,1998,2,21
Mark Rosario,+55 (79) 972440126,1948,1,12
Alex Derck,+55 (35) 901609090,1943,3,6
Stephanie Valles,+55 (95) 905794228,1988,11,22
Mildred Boardman,+55 (35) 997444325,1999,11,20
Jill Campbell,+55 (51) 981111938,1976,1,27
